1
2
9
12
13
15
16
18
19
20
21
22
23
24
25
27
29
30
31
32
33
34
35
36
37
38
41
43
47
48
49
51
52
53
55
58
59
60
70
71
81
86
87
88
90
91
92
93
94
95
100
101
102
103
104
105
107
108
109
111
112
113
115
116
117
118
119
120
123
124
125
127
128
130
131
132
133
136
140
141
142
143
147
148
150
151
153
155
156
157
158
159
160
161
162
163
164
166
167
174
175
177
178
181
182
183
185
186
187
190
191
196
202
203
204
205
207
208
210
211
213
214
215
216
217
218
219
220
221
223
224
225
226
229
230
231
238
239
240
241
246
248
249
251
262
265
266
267
268
269
270
271
272
273
274
275
277
278
283
285
286
287
288
290
291
292
293
301
302
306
307
308
309
310
311
316
317
319
320
321
322
323
324
326
327
328
329
330
331
332
333
334
335
338
341
345
348
350
351
353
354
355
356
357
359
360
362
363
367
368
369
372
373
374
375
377
378
379
381
382
383
387
388
389
390
391
392
394
395
396
397
399
401
402
403
405
406
407
408
409
410
411
412
414
415
416
419
421
427
429
430
432
434
439
440
443
444
445
460
462
463
466
467
468
471
472
473
474
475
476
477
478
481
482
483
486
488
489
490
492
493
498
501
506
509
513
514
517
522
523
525
526
527
528
529
535
537
538
539
540
545
546
547
549
551
552
553
558
560
567
570
571
572
573
576
577
578
579
580
581
582
583
585
586
587
590
593
595
596
597
598
599
602
604
605
607
608
610
611
613
617
622
624
627
629
631
632
633
636
637
638
639
641
642
643
644
645
646
648
649
650
651
652
653
654
655
656
657
658
659
663
664
665
666
667
668
672
673
675
676
677
678
680
682
685
686
687
688
689
694
695
699
701
705
708
710
712
713
715
716
717
718
725
726
727
728
729
730
731
738
740
741
744
745
747
753
754
755
759
760
761
763
765
767
768
770
771
773
774
775
776
777
779
780
781
783
784
785
786
788
790
794
799
800
801
805
808
810
811
813
814
815
816
817
818
819
821
822
823
824
825
826
827
828
829
830
831
832
833
834
835
836
837
838
839
840
841
842
843
844
846
847
857
858
860
861
862
863
864
865
867
868
871
873
875
883
887
889
890
891
892
894
896
898
899
900
901
902
904
905
908
911
912
915
916
917
919
920
922
925
928
929
930
931
932
933
939
940
941
942
943
944
945
946
947
948
949
950
951
952
953
955
956
957
958
959
960
961
966
968
969
970
973
975
976
977
978
983
987
988
989
990
991
993
994
995
996
997
998
999
1000
1001
1002
1003
1004
1005
1006
1007
1009
1010
1012
1016
1017
1018
1019
1020
1021
1022
1024
1025
1026
1027
1028
1029
1030
1031
1032
1033
1038
1040
1044
1045
1046
1048
1050
1051
1052
1056
1058
1059
1062
1063
1066
1069
1072
1073
1075
1080
1081
1084
1088
1102
1103
1104
1105
1106
1107
1108
1111
1112
1113
1117
1121
1122
1123
1128
1129
1130
1131
1138
1139
1140
1141
1143
1145
1147
1149
1152
1153
1154
1155
1161
1163
1164
1173
1174
1181
1182
1184
1185
1186
1191
1192
1193
1195
1200
1201
1207
1209
1211
1212
1213
1230
1233
1234
1235
1236
1240
1244
1258
1261
1263
1265
1266
1267
1268
1269
1270
1271
1277
1278
1280
1281
1282
1284
1285
1286
1287
1288
1289
1290
1291
1292
1294
1295
1296
1297
1298
1299
1300
1301
1303
1305
1306
1310
1312
1314
1316
1317
1326
1329
1337
1340
1345
1347
1349
1350
1351
1352
1355
1357
1359
1361
1362
1363
1364
1366
1368
1370
1371
1373
1374
1375
1376
1378
1380
1381
1382
1384
1385
1386
1387
1388
1389
1390
1392
1395
1397
1398
1399
1400
1401
1404
1406
1407
1408
1409
1411
1420
1427
1429
1431
1432
1434
1435
1436
1445
1448
1452
1453
1454
1455
1456
1457
1459
1462
1463
1465
1466
1468
1469
1470
1471
1472
1474
1476
1478
1479
1482
1486
1487
1488
1490
1491
1493
1495
1497
1499
1500
1503
1504
1508
1509
1510
1513
1514
1515
1520
1521
1522
1523
1524
1525
1528
1534
1535
1536
1537
1540
1543
1544
1545
1549
1555
1557
1558
1559
1564
1565
1571
1572
1573
1576
1577
1579
1581
1582
1583
1585
1588
1589
1590
1591
1592
1594
1595
1601
1602
1603
1604
1605
1606
1607
1608
1610
1611
1612
1613
1615
1616
1618
1621
1627
1629
1630
1632
1633
1635
1636
1639
1641
1642
1643
1644
1646
1647
1649
1650
1652
1653
1654
1655
1656
1657
1660
1662
1663
1665
1666
1667
1668
1669
1673
1676
1677
1678
1687
1690
1716
1717
1718
1719
1723
1725
1727
1729
1730
1731
1733
1734
1736
1737
1738
1739
1740
1741
1742
1743
1745
1746
1747
1748
1749
1750
1756
1759
1760
1762
1763
1769
1770
1774
1776
1777
1778
1780
1781
1785
1786
1787
1788
1789
1793
1795
1797
1798
1801
1804
1805
1806
1808
1809
1810
1811
1812
1814
1816
1819
1820
1821
1822
1823
1824
1825
1827
1828
1829
1830
1831
1832
1834
1836
1838
1839
1840
1841
1843
1844
1845
1846
1847
1848
1849
1850
1852
1854
1855
1856
1857
1859
1861
1869
1870
1871
1874
1875
1876
1877
1879
1880
1889
1891
1892
1894
1901
1902
1903
1906
1907
1908
1909
1911
1912
1915
1917
1933
1936
1938
1942
1943
1944
1945
1946
1947
1948
1949
1950
1951
1952
1954
1955
1956
1958
1959
1960
1962
1964
1965
1967
1968
1969
1973
1974
1975
1977
1978
1979
1981
1982
1983
1984
1992
1993
1994
1995
1996
1998
1999
2000
2001
2002
2004
2005
2006
2009
2010
2011
2012
2013
2014
2015
2016
2017
2018
2019
2020
2021
2022
2023
2026
2029
2030
2033
2034
2035
2036
2038
2039
2040
2041
2043
2044
2045
2047
2048
2049
2050
2052
2053
2054
2055
2057
2058
2059
2060
2063
2064
2065
2066
2067
2068
2069
2070
2071
2072
2074
2077
2078
2079
2081
2091
2098
2099
2100
2101
2103
2104
2107
2108
2110
2113
2114
2115
2117
2118
2119
2120
2121
2122
2123
2124
2128
2130
2131
2132
2135
2137
2138
2139
2140
2145
2146
2147
2149
2150
2151
2152
2153
2158
2159
2165
2166
2167
2168
2169
2170
2172
2173
2175
2176
2177
2178
2180
2181
2182
2184
2185
2186
2188
2189
2192
2193
2194
2195
2196
2197
2199
2200
2201
2202
2204
2206
2207
2210
2212
2213
2215
2217
2218
2220
2222
2224
2230
2232
2235
2237
2239
2241
2242
2243
2244
2245
2246
2247
2248
2249
2250
2252
2253
2254
2255
2256
2257
2259
2260
2261
2262
2263
2264
2266
2271
2272
2273
2274
2275
2277
2280
2281
2286
2287
2288
2289
2290
2295
2296
2297
2298
2299
2300
2304
2305
2306
2308
2309
2313
2314
2315
2316
2317
2318
2319
2321
2322
2324
2328
2329
2331
2332
2334
2335
2342
2346
2348
2350
2353
2354
2355
2356
2357
2358
2359
2395
2444
2475
2477
2483
2487
2488
2491
2494
2495
2517
2521
2523
2524
2526
2528
2529
2530
2531
2533
2534
2535
2537
2538
2539
2542
2543
2547
2548
2549
2550
2551
2553
2554
2555
2556
2557
2558
2560
2561
2562
2565
2566
2567
2568
2570
2574
2580
2581
2583
2584
2587
2588
2589
2590
2591
2592
2596
2597
2615
2617
2618
2619
2620
2621
2623
2624
2625
2626
2627
2628
2629
2634
2635
2637
2638
2639
2641
2643
2645
2648
2649
2650
2651
2652
2653
2660
2661
2662
2664
2665
2668
2669
2670
2671
2672
2673
2674
2676
2677
2683
2686
2687
2693
2695
2697
2700
2702
2703
2705
2706
2709
2710
2717
2719
2720
2729
2730
2731
2733
2734
2735
2736
2737
2739
2740
2742
2744
2745
2746
2747
2752
2760
2762
2764
2766
2767
2768
2770
2771
2773
2774
2776
2778
2779
2781
2782
2783
2784
2785
2786
2787
2788
2792
2794
2796
2798
2799
2800
2801
2802
2803
2804
2805
2806
2810
2811
2812
2813
2814
2815
2817
2819
2820
2821
2822
2823
2824
2825
2831
2840
2842
2849
2852
2857
2859
2861
2863
2864
2867
2868
2869
2870
2872
2873
2876
2877
2879
2882
2885
2886
2887
2888
2889
2890
2893
2894
2895
2896
2898
2899
2900
2901
2903
2904
2906
2907
2908
2909
2911
2913
2914
2915
2916
2917
2918
2919
2920
2921
2923
2925
2931
2932
2934
2935
2936
2937
2938
2941
2947
2948
2949
2950
2953
2956
2957
2959
2961
2962
2965
2966
2967
2968
2969
2972
2975
2976
2977
2979
2981
2982
2983
2987
2990
2992
2993
2997
2998
3003
3004
3005
3006
3008
3009
3010
3014
3015
3017
3020
3021
3028
3029
3030
3032
3033
3034
3035
3037
3038
3046
3052
3053
3054
3059
3061
3064
3065
3066
3068
3069
3070
3071
3073
3074
3075
3077
3081
3082
3083
3084
3087
3090
3091
3092
3093
3094
3096
3097
3098
3099
3104
3105
3106
3107
3108
3110
3111
3112
3113
3117
3120
3122
3123
3127
3131
3133
3134
3135
3140
3141
3142
3145
3146
3148
3149
3150
3151
3155
3156
3157
3159
3161
3162
3163
3164
3166
3169
3170
3171
3172
3174
3175
3177
3178
3181
3183
3184
3185
3187
3188
3189
3190
3191
3192
3195
3198
3199
3200
3201
3202
3203
3204
3205
3206
3207
3209
3211
3212
3213
3214
3215
3216
3217
3218
3219
3221
3223
3224
3226
3227
3229
3231
3232
3233
3234
3235
3236
3237
3238
3239
3241
3248
3249
3250
3251
3257
3265
3267
3268
3269
3270
3273
3274
3275
3276
3280
3283
3284
3290
3292
3293
3294
3295
3297
3298
3299
3300
3301
3303
3304
3305
3306
3308
3309
3310
3312
3313
3316
3320
3326
3329
3337
3339
3340
3344
3347
3350
3351
3352
3355
3356
3358
3363
3364
3371
3373
3375
3376
3381
3383
3385
3386
3394
3396
3397
3398
3399
3400
3416
3417
3418
3419
3420
3423
3425
3426
3428
3429
3431
3433
3434
3437
3439
3443
3454
3455
3456
3458
3459
3460
3466
3475
3476
3479
3480
3481
3482
3484
3485
3486
3487
3488
3491
3508
3512
3516
3537
3538
3539
3547
3549
3550
3551
3552
3553
3554
3556
3557
3558
3559
3560
3562
3565
3566
3567
3568
3569
3570
3572
3574
3575
3576
3577
3579
3586
3587
3588
3589
3590
3592
3593
3595
3596
3597
3598
3600
3604
3605
3606
3607
3608
3609
3611
3612
3613
3614
3615
3619
3621
3622
3623
3624
3625
3627
3630
3631
3632
3633
3635
3636
3638
3641
3643
3646
3652
3654
3655
3656
3658
3659
3660
3662
3663
3664
3665
3667
3669
3670
3672
3673
3675
3678
3679
3680
3683
3685
3687
3688
3689
3690
3691
3692
3693
3694
3696
3697
3702
3703
3704
3705
3706
3707
3708
3709
3710
3712
3713
3714
3716
3717
3718
3720
3725
3726
3727
3728
3732
3735
3739
3741
3742
3745
3746
3748
3749
3752
3753
3756
3757
3758
3759
3760
3761
3762
3763
3764
3765
3766
3767
3768
3769
3772
3775
3776
3777
3778
3779
3780
3781
3782
3783
3785
3786
3790
3791
3795
3796
3797
3798
3799
3800
3811
3812
3815
3817
3820
3821
3822
3823
3824
3831
3832
3833
3835
3836
3837
3838
3839
3840
3841
3842
3843
3845
3846
3850
3851
3852
3854
3855
3856
3858
3861
3866
3875
3880
3891
3895
3897
3898
3899
3903
3904
3908
3909
3910
3911
3912
3913
3915
3916
3918
3920
3921
3925
3927
3929
3930
3931
3932
3933
3936
3938
3939
3945
3949
3950
3952
3953
3954
3955
3956
3958
3959
3964
3965
3973
3975
3976
3977
3978
3980
3981
3982
3984
3987
3988
3990
3992
3993
3995
3996
3998
4000
4001
4005
4008
4009
4010
4012
4013
4015
4016
4017
4023
4026
4035
4036
4038
4040
4041
4043
4045
4046
4047
4048
4049
4051
4052
4053
4054
4055
4056
4057
4058
4059
4061
4064
4065
4066
4067
4068
4069
4070
4071
4074
4076
4077
4081
4082
4084
4085
4086
4087
4088
4089
4090
4091
4092
4093
4094
4097
4099
4101
4102
4105
4108
4110
4111
4112
4113
4115
4117
4121
4124
4125
4126
4128
4129
4130
4131
4133
4134
4137
4139
4140
4141
4143
4144
4145
4146
4148
4149
4150
4151
4152
4153
4154
4155
4158
4160
4162
4163
4166
4170
4171
4172
4173
4174
4175
4176
4179
4188
4189
4190
4191
4192
4193
4194
4199
4200
4204
4205
4208
4209
4211
4212
4214
4215
4216
4217
4218
4221
4223
4224
4232
4233
4234
4237
4238
4239
4240
4241
4245
4248
4249
4250
4253
4254
4255
4256
4257
4258
4261
4267
4277
4281
4282
4283
4285
4286
4287
4288
4289
4291
4292
4293
4294
4295
4296
4297
4298
4299
4300
4301
4302
4303
4306
4308
4311
4312
4313
4314
4316
4317
4318
4319
4320
4321
4322
4323
4324
4325
4326
4329
4330
4331
4332
4335
4336
4338
4340
4343
4345
4350
4351
4352
4353
4354
4355
4357
4358
4359
4360
4361
4363
4430
4436
4437
4439
4440
4478
4481
4485
4487
4488
4489
4493
4494
4499
4501
4502
4507
4508
4512
4513
4514
4515
4519
4520
4521
4522
4524
4535
4536
4537
4538
4539
4540
4541
4542
4547
4548
4552
4580
4582
4583
4584
4585
4586
4588
4589
4591
4594
4595
4597
4598
4599
4600
4601
4602
4603
4604
4605
4607
4608
4609
4610
4613
4615
4617
4619
4620
4622
4627
4628
4629
4633
4638
4641
4642
4643
4644
4645
4646
4647
4649
4650
4651
4653
4654
4656
4659
4660
4661
4664
4665
4666
4668
4670
4671
4673
4674
4676
4677
4678
4680
4681
4682
4683
4684
4685
4689
4690
4691
4692
4693
4694
4695
4697
4698
4700
4704
4705
4706
4708
4709
4711
4712
4714
4716
4718
4719
4720
4722
4723
4725
4726
4728
4731
4733
4734
4735
4736
4738
4739
4741
4744
4747
4750
4751
4753
4756
4758
4760
4761
4762
4763
4771
4772
4773
4774
4775
4776
4779
4780
4781
4782
4783
4784
4790
4791
4792
4793
4794
4795
4796
4798
4800
4801
4802
4804
4808
4809
4810
4811
4814
4817
4818
4820
4821
4824
4826
4831
4832
4833
4835
4836
4837
4838
4839
4841
4842
4846
4848
4849
4850
4851
4852
4853
4854
4855
4857
4858
4860
4861
4862
4863
4864
4867
4868
4869
4880
4881
4883
4884
4885
4886
4887
4891
4893
4897
4898
4899
4900
4901
4904
4905
4907
4908
4913
4915
4916
4919
4920
4921
4923
4924
4925
4926
4928
4929
4931
4935
4938
4939
4940
4942
4943
4946
4947
4948
4952
4953
4957
4958
4967
4968
4969
4973
4976
4978
4982
4983
4985
4986
4987
4988
4990
4998
4999
5000
5001
5002
5007
5009
5010
5013
5015
5016
5017
5018
5019
5021
5023
5024
5025
5026
5027
5028
5029
5031
5032
5033
5034
5036
5037
5045
5046
5048
5049
5051
5052
5053
5054
5055
5058
5062
5063
5064
5066
5068
5069
5071
5073
5074
5075
5076
5077
5078
5079
5080
5081
5082
5083
5087
5089
5090
5091
5092
5093
5094
5095
5096
5097
5098
5099
5100
5101
5105
5108
5110
5111
5116
5122
5125
5126
5127
5129
5130
5133
5134
5136
5138
5139
5140
5141
5142
5143
5144
5145
5147
5148
5149
5150
5151
5153
5154
5155
5156
5157
5158
5159
5160
5162
5163
5164
5165
5166
5167
5168
5170
5172
5173
5174
5176
5178
5184
5187
5189
5190
5191
5192
5193
5194
5195
5196
5198
5199
5201
5203
5204
5205
5208
5209
5210
5211
5213
5214
5216
5217
5218
5223
5226
5229
5230
5236
5238
5241
5243
5245
5250
5251
5252
5256
5257
5261
5264
5265
5267
5268
5270
5272
5273
5274
5276
5277
5279
5281
5283
5284
5286
5287
5289
5290
5291
5292
5293
5294
5295
5296
5297
5298
5300
5303
5305
5306
5307
5308
5309
5310
5311
5313
5314
5315
5316
5317
5318
5321
5322
5324
5325
5326
5327
5328
5329
5330
5331
5332
5333
5334
5335
5336
5337
5338
5339
5341
5345
5346
5347
5348
5351
5352
5354
5355
5356
5357
5358
5359
5360
5361
5362
5364
5366
5368
5371
5373
5376
5378
5395
5396
5406
5408
5409
5411
5413
5414
5420
5422
5423
5424
5426
5428
5429
5430
5431
5432
5434
5435
5436
5441
5442
5443
5444
5445
5446
5447
5450
5451
5452
5453
5454
5455
5457
5458
5459
5460
5462
5464
5465
5467
5468
5469
5471
5473
5476
5478
5479
5480
5481
5493
5494
5495
5496
5498
5499
5500
5501
5502
5506
5507
5510
5511
5514
5515
5516
5518
5519
5520
5521
5522
5523
5524
5525
5527
5528
5529
5530
5531
5532
5533
5534
5535
5536
5537
5538
5539
5540
5546
5547
5549
5550
5552
5555
5557
5558
5562
5563
5564
5565
5566
5567
5571
5573
5576
5577
5578
5579
5580
5581
5582
5583
5584
5585
5586
5587
5589
5590
5592
5593
5594
5595
5596
5597
5598
5599
5600
5601
5602
5603
5604
5605
5606
5607
5608
5609
5610
5611
5612
5613
5618
5621
5623
5625
5626
5627
5629
5631
5634
5639
5641
5648
5649
5650
5651
5652
5654
5655
5660
5662
5663
5670
5682
5683
5684
5685
5686
5687
5688
5689
5690
5692
5693
5694
5695
5696
5698
5700
5701
5702
5704
5705
5706
5707
5708
5709
5710
5711
5713
5714
5715
5716
5717
5718
5719
5720
5723
5724
5725
5727
5728
5729
5730
5732
5733
5734
5737
5738
5740
5741
5742
5743
5744
5747
5753
5754
5756
5757
5764
5768
5770
5771
5774
5775
5777
5778
5780
5781
5782
5783
5784
5786
5787
5788
5789
5791
5792
5793
5794
5795
5796
5797
5798
5799
5800
5801
5802
5803
5805
5806
5810
5813
5814
5816
5817
5818
5819
5820
5822
5824
5825
5826
5827
5828
5829
5830
5831
5832
5833
5834
5836
5837
5859
5860
5861
5862
5864
5865
5867
5868
5869
5870
5871
5872
5873
5874
5875
5876
5878
5879
5880
5881
5883
5884
5885
5886
5887
5888
5889
5890
5892
5893
5894
5896
5898
5900
5901
5902
5903
5905
5906
5908
5909
5910
5911
5912
5914
5915
5916
5917
5919
5920
5921
5922
5923
5925
5926
5927
5928
5929
5930
5931
5932
5933
5934
5935
5936
5937
5939
5940
5947
5948
5954
5955
5956
5957
5959
5962
5965
5966
5970
5971
5972
5976
5977
5978
5979
5980
5981
5982
5983
5984
5987
5989
5990
5991
5993
5994
5995
5996
5997
5998
5999
6002
6003
6004
6005
6007
6008
6009
6010
6011
6013
6015
6016
6018
6019
6023
6035
6036
6038
6039
6041
6045
6046
6047
6048
6049
6050
6051
6059
6091
6092
6093
6094
6095
6096
6097
6098
6101
6102
6117
6118
6119
6120
6121
6122
6123
6124
6125
6128
6129
6130
6132
6133
6134
6135
6136
6137
6138
6139
6141
6143
6144
6146
6147
6152
6154
6155
6156
6158
6159
6160
6161
6164
6165
6167
6168
6169
6170
6171
6173
6175
6176
6181
6184
6185
6187
6188
6189
6191
6192
6193
6194
6195
6196
6197
6198
6199
6201
6202
6203
6204
6205
6206
6207
6208
6209
6210
6218
6222
6223
6224
6227
6228
6231
6232
6233
6234
6235
6236
6237
6238
6239
6240
6241
6242
6247
6249
6251
6253
6256
6257
6259
6262
6263
6271
6272
6273
6275
6276
6277
6278
6279
6280
6281
6282
6283
6285
6286
6288
6293
6294
6295
6297
6299
6301
6302
6303
6304
6305
6307
6309
6310
6311
6314
6317
6318
6319
6320
6323
6324
6326
6327
6328
6329
6330
6331
6332
6334
6335
6339
6340
6341
6342
6345
6346
6347
6348
6349
6351
6352
6354
6355
6356
6358
6359
6360
6361
6363
6364
6367
6369
6370
6372
6373
6374
6376
6382
6383
6385
6386
6387
6388
6389
6390
6391
6392
6397
6400
6401
6404
6405
6415
6416
6418
6421
6422
6423
6424
6426
6427
6428
6429
6430
6431
6432
6433
6434
6439
6441
6443
6444
6446
6448
6449
6451
6452
6453
6455
6456
6461
6462
6464
6469
6470
6472
6473
6474
6476
6477
6478
6480
6482
6483
6490
6491
6492
6493
6494
6495
6496
6497
6498
6499
6500
6502
6504
6505
6506
6509
6510
6511
6512
6513
6515
6517
6518
6519
6520
6521
6522
6523
6524
6525
6526
6527
6528
6529
6531
6532
6533
6535
6536
6539
6540
6541
6542
6546
6547
6548
6550
6553
6556
6558
6559
6560
6563
6564
6565
6566
6567
6568
6571
6573
6574
6575
6576
6580
6581
6582
6583
6584
6585
6586
6590
6591
6594
6595
6596
6597
6598
6599
6601
6602
6603
6604
6605
6606
6607
6608
6609
6611
6613
6614
6615
6616
6620
6622
6623
6624
6625
6626
6627
6628
6631
6632
6634
6635
6636
6638
6641
6642
6643
6645
6646
6647
6648
6649
6650
6651
6652
6653
6654
6655
6656
6657
6658
6659
6660
6662
6664
6666
6667
6668
6670
6671
6672
6674
6675
6677
6678
6683
6688
6689
6693
6696
6697
6698
6707
6708
6709
6710
6711
6712
6713
6714
6715
6717
6718
6720
6721
6722
6723
6726
6728
6729
6731
6732
6733
6734
6737
6738
6741
6744
6745
6746
6747
6748
6749
6751
6752
6753
6757
6758
6760
6761
6764
6767
6768
6769
6770
6772
6773
6774
6775
6776
6777
6778
6780
6781
6782
6785
6786
6787
6788
6789
6790
6792
6793
6794
6801
6804
6809
6810
6811
6812
6813
6814
6815
6817
6818
6819
6821
6822
6827
6829
6832
6833
6836
6839
6840
6843
6844
6845
6847
6850
6853
6855
6857
6860
6861
6863
6865
6866
6867
6868
6870
6871
6872
6873
6874
6875
6876
6880
6883
6884
6885
6886
6887
6888
6890
6892
6894
6895
6897
6898
6899
6901
6902
6903
6905
6907
6908
6909
6910
6913
6915
6916
6917
6921
6923
6924
6925
6926
6927
6928
6929
6932
6934
6935
6936
6938
6939
6940
6941
6942
6943
6944
6945
6947
6948
6949
6950
6954
6988
6990
6992
6996
6998
7001
7003
7004
7008
7009
7010
7011
7013
7014
7015
7016
7018
7019
7020
7021
7022
7023
7024
7025
7026
7027
7029
7030
7031
7032
7035
7037
7038
7039
7040
7041
7042
7043
7044
7045
7046
7048
7049
7050
7051
7052
7056
7057
7058
7059
7060
7064
7067
7068
7070
7071
7072
7073
7074
7076
7077
7078
7080
7082
7083
7084
7086
7087
7088
7090
7091
7092
7093
7094
7095
7096
7097
7098
7099
7100
7101
7102
7108
7109
7110
7111
7112
7114
7123
7124
7126
7127
7128
7130
7132
7133
7134
7135
7139
7142
7143
7145
7148
7150
7153
7155
7156
7157
7158
7159
7161
7162
7163
7164
7165
7167
7168
7169
7170
7171
7172
7173
7174
7175
7178
7180
7181
7182
7184
7185
7186
7187
7188
7189
7203
7204
7205
7216
7220
7222
7223
7224
7226
7227
7247
7248
7249
7251
7252
7253
7257
7259
7262
7263
7264
7265
7266
7267
7268
7270
7272
7273
7274
7275
7276
7280
7283
7284
7286
7287
7289
7290
7291
7292
7294
7295
7296
7298
7299
7301
7306
7307
7314
7316
7317
7318
7319
7320
7321
7322
7323
7324
7325
7326
7328
7329
7332
7334
7335
7336
7337
7341
7343
7345
7347
7350
7351
7352
7353
7355
7357
7358
7360
7363
7364
7365
7366
7367
7368
7371
7372
7373
7374
7375
7376
7378
7379
7381
7384
7385
7386
7388
7389
7390
7391
7392
7398
7399
7402
7403
7405
7407
7408
7409
7410
7411
7412
7414
7415
7416
7417
7419
7421
7422
7423
7424
7425
7428
7429
7430
7431
7432
7433
7436
7441
7442
7443
7447
7448
7453
7456
7458
7461
7462
7465
7466
7468
7471
7473
7474
7476
7477
7479
7480
7481
7482
7483
7485
7486
7490
7494
7495
7498
7503
7504
7507
7508
7511
7512
7514
7515
7516
7517
7520
7525
7528
7529
7531
7532
7533
7534
7535
7536
7538
7543
7544
7546
7547
7551
7552
7553
7555
7570
7571
7572
7584
7586
7589
7593
7596
7621
7625
7629
7634
7637
7639
7643
7644
7681
7690
7691
7692
7693
7700
7702
7703
7704
7705
7706
7707
7709
7710
7712
7716
7718
7728
7730
7737
7738
7739
7743
7748
7750
7753
7756
7757
7761
7762
7763
7764
7767
7776
7779
7780
7781
7782
7786
7791
7799
7802
7803
7804
7805
7809
7812
7813
7818
7827
7832
7837
7840
7841
7846
7849
7850
7851
7852
7855
7857
7862
7866
7869
7871
7873
7874
7879
7881
7884
7903
7905
7913
7915
7916
7917
7918
7919
7920
7922
7936
7941
7942
7957
7965
7975
7976
7978
7979
7980
7984
7991
7994
8001
8013
8019
8021
8026
8027
8028
8029
8030
8031
8034
8036
8038
8048
8050
8061
8065
8073
8074
8076
8078
8079
8082
8085
8086
8087
8089
8091
8092
8099
8106
8110
8120
8125
8128
8131
8139
8140
8148
8161
8165
8178
8189
8192
8193
8195
8200
8202
8204
8205
8208
8209
8216
8220
8224
8226
8228
8237
8239
8241
8242
8243
8260
8266
8269
8277
8284
8288
8289
8290
8292
8293
8294
8295
8301
8302
8309
8312
8313
8314
8315
8317
8318
8320
8321
8322
8323
8324
8325
8326
8331
8334
8335
8337
8338
8339
8341
8343
8344
8346
8347
8348
8349
8350
8351
8352
8353
8354
8355
8356
8357
8358
8359
8360
8361
8362
8363
8364
8365
8366
8367
8368
8370
8379
8382
8394
8396
8399
8402
8404
8405
8406
8407
8408
8409
8411
8412
8417
8419
8424
8425
8427
8428
8431
8434
8435
8437
8438
8439
8440
8443
8444
8445
8449
8450
8451
8452
8453
8454
8455
8456
8459
8462
8463
8464
8467
8470
8471
8473
8476
8480
8481
8482
8484
8487
8490
8491
8492
8493
8496
8497
8498
8499
8500
8501
8502
8503
8504
8505
8506
8507
8508
8511
8515
8516
8517
8518
8519
8520
8521
8522
8525
8526
8527
8528
8531
8532
8533
8534
8535
8537
8538
8539
8540
8542
8546
8549
8550
8553
8554
8555
8558
8560
8562
8563
8564
8565
8566
8567
8568
8569
8570
8572
8573
8574
8575
8576
8577
8578
8600
8601
8602
8603
8604
8605
8607
8609
8611
8613
8614
8615
8618
8621
8622
8624
8625
8626
8632
8633
8634
8635
8637
8638
8639
8643
8644
8645
8647
8648
8649
8650
8651
8653
8654
8655
8658
8659
8660
8661
8662
8663
8664
8665
8666
8667
8668
8669
8671
8672
8673
8674
8675
8676
8678
8682
8683
8693
8694
8697
8703
8704
8706
8714
8715
8717
8720
8722
8724
8725
8726
8728
8729
8731
8732
8736
8738
8739
8740
8741
8742
8743
8744
8747
8751
8754
8760
8761
8763
8766
8767
8771
8772
8773
8774
8776
8777
8778
8780
8786
8788
8789
8792
8793
8795
8797
8799
8800
8801
8802
8803
8804
8805
8808
8811
8813
8814
8815
8818
8820
8821
8822
8823
8824
8825
8826
8828
8829
8831
8832
8833
8834
8835
8836
8837
8838
8839
8840
8842
8844
8846
8847
8848
8850
8851
8853
8854
8856
8859
8861
8862
8863
8864
8867
8869
8870
8871
8872
8874
8875
8876
8877
8878
8879
8880
8881
8882
8883
8884
8886
8887
8888
8890
8891
8892
8893
8894
8895
8896
8897
8898
8900
8904
8905
8907
8908
8909
8911
8912
8913
8914
8915
8916
8924
8925
8926
8927
8928
8929
8930
8932
8935
8936
8941
8942
8943
8945
8968
8970
8971
8972
8973
8974
8975
8976
8985
8986
8987
8988
8991
8993
8994
8996
8997
8999
9001
9002
9013
9014
9016
9019
9020
9021
9022
9023
9024
9025
9026
9031
9032
9033
9034
9037
9039
9040
9043
9045
9046
9048
9049
9050
9051
9052
9053
9054
9055
9056
9057
9060
9061
9063
9066
9068
9069
9070
9071
9076
9077
9079
9080
9081
9083
9086
9088
9091
9092
9093
9095
9096
9097
9098
9099
9100
9101
9108
9110
9111
9112
9113
9114
9118
9120
9121
9122
9123
9124
9125
9126
9127
9128
9131
9133
9134
9135
9138
9139
9140
9141
9145
9146
9148
9149
9150
9152
9153
9154
9156
9158
9159
9162
9166
9167
9168
9169
9170
9172
9173
9175
9180
9181
9183
9184
9185
9188
9189
9191
9194
9197
9200
9203
9204
9208
9212
9213
9214
9215
9217
9218
9219
9220
9221
9223
9227
9228
9230
9231
9232
9235
9240
9241
9242
9244
9245
9247
9248
9249
9252
9253
9254
9255
9256
9258
9260
9261
9262
9263
9265
9266
9267
9271
9274
9275
9276
9277
9282
9283
9289
9290
9294
9295
9306
9308
9313
9314
9315
9317
9318
9319
9320
9321
9322
9324
9325
9326
9330
9331
9334
9337
9338
9340
9341
9342
9343
9344
9348
9349
9351
9352
9353
9354
9355
9356
9358
9360
9361
9365
9367
9368
9369
9370
9371
9372
9373
9374
9375
9376
9377
9378
9380
9382
9388
9390
9391
9392
9394
9397
9398
9399
9401
9402
9403
9404
9406
9407
9409
9410
9411
9413
9414
9415
9416
9419
9420
9421
9422
9423
9424
9425
9427
9429
9435
9439
9440
9441
9443
9444
9445
9446
9448
9451
9452
9453
9455
9456
9457
9459
9462
9464
9467
9468
9469
9470
9472
9473
9474
9475
9478
9479
9480
9481
9486
9488
9493
9495
9496
9497
9499
9500
9501
9507
9509
9510
9513
9514
9515
9516
9517
9518
9519
9520
9521
9522
9524
9525
9526
9527
9528
9529
9530
9531
9532
9536
9537
9538
9540
9542
9545
9546
9547
9550
9551
9555
9559
9562
9563
9564
9567
9568
9570
9572
9575
9578
9580
9581
9582
9583
9584
9585
9586
9587
9588
9589
9590
9592
9595
9600
9601
9604
9605
9609
9611
9612
9615
9616
9617
9618
9620
9622
9625
9628
9630
9631
9632
9633
9635
9636
9637
9639
9640
9641
9644
9645
9646
9647
9649
9651
9652
9653
9655
9656
9657
9658
9659
9662
9663
9668
9669
9670
9671
9672
9673
9674
9675
9677
9678
9679
9681
9682
9683
9685
9686
9687
9688
9689
9690
9692
9693
9695
9697
9698
9699
9700
9701
9702
9703
9705
9706
9709
9710
9711
9712
9715
9716
9721
9722
9723
9725
9726
9727
9728
9730
9731
9732
9733
9734
9735
9736
9738
9739
9742
9743
9746
9748
9749
9750
9751
9753
9754
9755
9757
9758
9759
9760
9761
9762
9764
9765
9766
9767
9768
9770
9772
9774
9775
9776
9777
9779
9780
9781
9782
9783
9784
9785
9786
9787
9788
9790
9791
9792
9793
9794
9796
9798
9801
9802
9804
9805
9806
9807
9810
9811
9812
9813
9815
9817
9819
9820
9821
9825
9826
9827
9828
9829
9830
9832
9833
9837
9839
9840
9841
9842
9843
9844
9846
9847
9853
9856
9857
9860
9861
9862
9863
9866
9867
9868
9869
9870
9871
9873
9874
9877
9878
9879
9880
9881
9882
9883
9885
9886
9887
9889
9890
9891
9892
9894
9895
9896
9897
9898
9899
9900
9902
9903
9904
9905
9907
9908
9910
9912
9913
9915
9917
9918
9919
9920
9921
9922
9923
9924
9925
9926
9927
9928
9931
9933
9935
9936
9937
9939
9942
9943
9945
9948
9949
9950
9953
9956
9957
9958
9960
9962
9963
9965
9966
9967
9968
9969
9971
9972
9973
9975
9976
9978
9980
9984
9986
9987
9988
9990
9991
9993
9994
9997
10000
10003
10005
10008
10009
10010
10013
10014
10015
10016
10017
10018
10019
10020
10021
10022
10023
10024
10025
10036
10038
10039
10042
10043
10044
10045
10046
10048
10049
10051
10052
10054
10055
10056
10057
10058
10059
10060
10061
10062
10063
10067
10068
10072
10073
10075
10076
10082
10083
10084
10085
10087
10089
10090
10092
10093
10094
10095
10097
10098
10099
10100
10102
10103
10105
10106
10107
10109
10111
10112
10113
10114
10116
10117
10120
10121
10123
10124
10125
10127
10128
10129
10130
10131
10133
10134
10135
10137
10139
10140
10142
10144
10146
10148
10149
10150
10151
10152
10154
10155
10156
10157
10159
10160
10162
10163
10164
10165
10166
10169
10174
10178
10180
10181
10184
10186
10188
10189
10193
10194
10195
10196
10197
10198
10199
10201
10204
10206
10207
10209
10210
10211
10212
10213
10217
10218
10219
10220
10221
10225
10226
10228
10229
10231
10232
10234
10236
10238
10239
10241
10243
10244
10246
10247
10248
10249
10250
10251
10252
10253
10254
10257
10260
10261
10262
10263
10269
10270
10272
10273
10274
10276
10277
10278
10279
10280
10282
10283
10285
10286
10287
10288
10293
10294
10295
10296
10297
10298
10299
10300
10301
10302
10307
10308
10309
10313
10314
10316
10318
10319
10320
10321
10322
10327
10328
10331
10333
10335
10342
10343
10344
10345
10346
10347
10349
10351
10352
10360
10363
10365
10367
10369
10370
10371
10376
10379
10380
10381
10382
10383
10384
10385
10389
10390
10391
10392
10393
10394
10395
10396
10397
10398
10399
10401
10402
10403
10409
10410
10411
10412
10413
10417
10419
10423
10424
10425
10426
10428
10430
10432
10434
10437
10438
10440
10443
10445
10446
10447
10449
10450
10451
10452
10454
10456
10457
10458
10459
10460
10461
10463
10466
10467
10468
10469
10472
10473
10474
10475
10476
10478
10479
10480
10481
10482
10483
10484
10485
10486
10487
10491
10492
10493
10494
10495
10497
10498
10499
10501
10505
10507
10509
10512
10513
10514
10516
10518
10519
10521
10522
10523
10524
10525
10526
10527
10528
10529
10531
10533
10534
10535
10536
10537
10538
10539
10540
10541
10542
10544
10549
10550
10551
10552
10553
10554
10555
10557
10558
10559
10560
10561
10562
10563
10564
10565
10567
10568
10569
10572
10573
10574
10575
10576
10579
10584
10587
10588
10589
10592
10594
10598
10599
10600
10602
10606
10608
10609
10611
10612
10613
10614
10615
10616
10617
10620
10622
10625
10626
10627
10628
10630
10633
10635
10637
10641
10642
10643
10644
10645
10647
10648
10652
10653
10655
10656
10657
10658
10659
10660
10663
10664
10666
10670
10671
10672
10673
10675
10678
10681
10682
10686
10690
10691
10693
10694
10695
10712
10713
10714
10715
10716
10717
10721
10723
10724
10725
10726
10728
10730
10732
10733
10735
10741
10742
10743
10746
10749
10752
10753
10755
10758
10763
10765
10766
10767
10768
10769
10771
10772
10776
10781
10783
10785
10786
10787
10788
10791
10795
10797
10800
10801
10803
10804
10806
10807
10808
10809
10810
10813
10814
10815
10817
10818
10825
10841
10842
10844
10846
10847
10848
10849
10850
10855
10856
10857
10858
10859
10863
10864
10865
10866
10867
10868
10869
10870
10871
10873
10874
10875
10878
10879
10881
10884
10885
10890
10891
10892
10893
10894
10897
10898
10899
10901
10902
10904
10908
10910
10911
10913
10914
10915
10916
10917
10919
10920
10922
10923
10924
10926
10927
10928
10933
10935
10936
10938
10941
10942
10944
10945
10946
10947
10948
10949
10950
10951
10952
10953
10954
10955
10956
10957
10959
10960
10961
10962
10963
10964
10965
10966
10969
10970
10971
10972
10973
10978
10979
10980
10981
10982
10983
10985
10987
10988
10989
10992
10994
10999
11001
11004
11005
11006
11009
11010
11011
11012
11013
11014
11016
11017
11018
11019
11021
11022
11024
11026
11027
11030
11031
11033
11034
11040
11043
11044
11047
11051
11052
11054
11057
11059
11060
11061
11063
11064
11065
11067
11068
11069
11072
11073
11074
11076
11078
11079
11080
11081
11082
11083
11086
11091
11093
11094
11095
11096
11097
11098
11099
11100
11101
11102
11103
11108
11112
11113
11116
11118
11119
11120
11122
11123
11124
11126
11127
11128
11130
11135
11136
11137
11138
11140
11141
11142
11143
11145
11146
11148
11149
11151
11154
11156
11160
11164
11165
11167
11168
11169
11170
11171
11174
11176
11177
11178
11179
11181
11182
11183
11185
11186
11188
11190
11191
11193
11194
11196
11197
11198
11200
11201
11211
11212
11213
11214
11215
11216
11218
11221
11226
11227
11228
11230
11231
11234
11235
11236
11237
11240
11243
11244
11247
11251
11252
11254
11258
11259
11260
11261
11266
11267
11270
11273
11274
11275
11278
11279
11281
11282
11284
11285
11309
11311
11313
11314
11315
11316
11317
11318
11319
11320
11321
11322
11325
11328
11329
11330
11331
11332
11333
11334
11335
11337
11338
11339
11342
11343
11344
11345
11346
22794
22795
22796
22797
22800
22801
22802
22803
22806
22807
22808
22809
22818
22820
22821
22822
22823
22824
22827
22828
22829
22834
22838
22839
22841
22843
22845
22846
22847
22848
22849
22850
22852
22853
22854
22856
22858
22859
22861
22862
22863
22864
22865
22866
22871
22872
22874
22876
22877
22880
22881
22882
22883
22884
22885
22891
22893
22894
22895
22897
22898
22900
22904
22905
22906
22907
22908
22909
22913
22914
22915
22918
22919
22920
22921
22924
22926
22927
22928
22929
22930
22931
22933
22934
22936
22937
22938
22941
22943
22944
22948
22949
22950
22953
22954
22955
22974
22976
22978
22979
22980
22981
22982
22983
22984
22985
22986
22987
22989
22990
22992
22993
22995
22996
22997
22998
23001
23002
23011
23012
23013
23015
23017
23019
23020
23022
23024
23025
23026
23028
23030
23031
23032
23034
23035
23036
23037
23038
23039
23040
23041
23042
23043
23046
23047
23048
23049
23051
23052
23054
23057
23059
23060
23062
23064
23065
23067
23070
23071
23072
23075
23076
23077
23078
23081
23082
23085
23087
23089
23090
23091
23092
23093
23094
23095
23096
23097
23098
23101
23102
23105
23109
23111
23112
23113
23114
23118
23122
23126
23127
23129
23131
23133
23135
23136
23137
23139
23143
23144
23145
23150
23152
23157
23158
23162
23163
23164
23165
23169
23170
23171
23172
23173
23174
23175
23176
23177
23178
23180
23181
23184
23185
23186
23187
23189
23191
23192
23193
23194
23195
23196
23197
23198
23199
23200
23201
23203
23204
23205
23207
23208
23209
23210
23211
23212
23215
23216
23217
23218
23219
23220
23221
23223
23224
23225
23229
23230
23233
23235
23236
23237
23239
23240
23241
23243
23244
23245
23246
23247
23248
23250
23252
23253
23255
23256
23258
23259
23261
23264
23265
23266
23268
23269
23270
23271
23274
23275
23279
23281
23284
23286
23287
23291
23293
23294
23295
23299
23300
23302
23304
23305
23307
23308
23309
23310
23312
23314
23315
23316
23317
23318
23321
23322
23324
23325
23326
23327
23328
23331
23332
23334
23335
23336
23338
23339
23345
23347
23348
23352
23353
23354
23358
23361
23362
23365
23367
23368
23369
23370
23371
23373
23376
23378
23379
23380
23382
23383
23384
23385
23386
23387
23389
23390
23394
23395
23396
23398
23400
23401
23404
23405
23406
23408
23409
23410
23411
23412
23413
23414
23415
23416
23417
23418
23420
23421
23423
23424
23428
23429
23431
23432
23433
23435
23436
23438
23439
23443
23446
23450
23451
23452
23456
23457
23460
23461
23462
23463
23466
23467
23468
23469
23471
23473
23475
23476
23478
23479
23480
23481
23491
23492
23493
23495
23498
23499
23500
23503
23504
23505
23509
23510
23512
23513
23514
23515
23516
23517
23521
23522
23523
23524
23526
23527
23528
23530
23531
23534
23542
23543
23544
23545
23547
23548
23549
23550
23551
23552
23554
23555
23556
23557
23558
23560
23562
23564
23566
23567
23568
23569
23576
23580
23581
23582
23583
23586
23587
23588
23589
23590
23592
23593
23594
23596
23598
23600
23601
23603
23604
23607
23608
23609
23612
23613
23616
23621
23623
23626
23627
23630
23632
23633
23635
23636
23637
23639
23640
23641
23645
23646
23647
23650
23654
23657
23658
23666
23670
23671
23673
23677
23678
23682
23683
23704
23705
23708
23710
23731
23732
23741
23742
23743
23746
23753
23759
23761
23762
23764
23765
23770
23774
23780
23786
23788
24137
24138
24140
24141
24144
24145
24147
24148
24149
25758
25759
25764
25766
25769
25771
25776
25777
25778
25780
25782
25788
25792
25793
25794
25796
25797
25798
25800
25801
25802
25803
25804
25805
25809
25814
25816
25819
25820
25821
25823
25824
25825
25827
25828
25831
25832
25833
25834
25836
25837
25839
25840
25842
25843
25847
25849
25852
25853
25855
25861
25862
25865
25870
25873
25874
25875
25879
25884
25885
25886
25891
25893
25894
25896
25897
25901
25902
25907
25913
25914
25915
25920
25921
25923
25927
25928
25929
25930
25932
25937
25939
25940
25941
25942
25943
25945
25949
25953
25957
25959
25962
25966
25970
25973
25974
25976
25977
25978
25983
25987
25988
25989
25992
25996
25998
26001
26002
26003
26005
26007
26009
26010
26011
26012
26018
26019
26020
26022
26024
26030
26031
26033
26034
26035
26036
26038
26039
26040
26046
26047
26050
26051
26052
26053
26054
26057
26058
26060
26061
26064
26073
26084
26086
26090
26091
26092
26093
26094
26097
26099
26103
26115
26118
26119
26121
26122
26123
26128
26133
26135
26136
26137
26146
26147
26151
26154
26155
26156
26166
26168
26173
26190
26191
26207
26224
26225
26227
26232
26234
26235
26253
26256
26258
26259
26260
26262
26263
26266
26268
26269
26270
26271
26272
26273
26276
26277
26278
26279
26281
26284
26287
26290
26291
26292
26298
26330
26353
26354
26468
26469
26471
26472
26499
26503
26504
26505
26507
26508
26509
26511
26512
26519
26520
26523
26524
26525
26528
26574
26575
26577
26578
26580
26585
26586
26608
26740
26762
26871
26953
26959
26960
26973
26984
26985
26986
26993
26994
26998
26999
27000
27005
27006
27013
27018
27020
27022
27030
27031
27032
27033
27034
27037
27042
27043
27044
27065
27067
27068
27072
27074
27075
27076
27086
27087
27089
27090
27092
27094
27095
27097
27101
27102
27107
27112
27113
27115
27121
27122
27123
27124
27125
27128
27129
27130
27131
27132
27133
27134
27136
27141
27143
27148
27151
27152
27158
27161
27164
27165
27173
27177
27178
27180
27181
27183
27185
27198
27199
27201
27202
27229
27230
27232
27235
27236
27238
27239
27240
27241
27242
27244
27245
27246
27247
27249
27250
27253
27257
27284
27286
27287
27291
27292
27293
27295
27297
27301
27302
27303
27316
27319
27324
27327
27328
27329
27330
27332
27333
27335
27338
27339
27340
27342
27343
27344
27345
27346
27348
27349
27350
27351
27352
27429
27430
27433
27434
27436
27443
27445
28227
28231
28232
28234
28316
28461
28511
28513
28514
28526
28951
28952
28954
28955
28956
28957
28960
28962
28964
28965
28969
28971
28972
28973
28976
28977
28982
28983
28984
28985
28987
28988
28989
28991
28996
28998
29015
29028
29058
29063
29066
29070
29071
29072
29079
29085
29086
29087
29091
29094
29095
29097
29102
29103
29105
29106
29107
29108
29109
29110
29114
29115
29116
29117
29118
29119
29121
29123
29126
29127
29128
29760
29761
29765
29766
29767
29775
29777
29780
29781
29785
29796
29801
29802
29803
29841
29842
29843
29844
29850
29855
29881
29883
29886
29887
29888
29889
29893
29894
29895
29896
29899
29901
29903
29904
29909
29914
29915
29920
29923
29924
29925
29926
29927
29933
29934
29937
29940
29941
29942
29943
29946
29950
29951
29952
29954
29956
29957
29958
29959
29960
29965
29966
29967
29968
29969
29970
29974
29978
29979
29980
29986
29988
29993
29994
29997
29998
30000
30001
30008
30011
30012
30061
30062
30811
30812
30814
30817
30818
30819
30827
30832
30833
30834
30835
30837
30845
30846
30849
30850
30851
30968
49854
49860
50484
50485
50488
50489
50506
50507
50508
50509
50514
50515
50604
50615
50616
50618
50619
50624
50628
50636
50640
50650
50651
50717
50801
50805
50807
50808
50809
50810
50813
50814
50835
50838
50839
50846
50848
50852
50854
50855
50861
50862
50863
50937
50939
50940
50943
50944
50945
50964
50999
51002
51003
51004
51008
51009
51013
51014
51015
51020
51022
51024
51025
51026
51028
51029
51030
51035
51042
51043
51046
51053
51054
51057
51059
51062
51067
51068
51070
51071
51072
51074
51075
51079
51082
51083
51084
51085
51087
51088
51090
51091
51092
51094
51095
51099
51100
51102
51103
51105
51106
51107
51108
51109
51111
51114
51115
51116
51117
51119
51124
51125
51127
51128
51129
51132
51133
51135
51138
51141
51142
51144
51147
51150
51155
51162
51163
51164
51167
51171
51174
51176
51177
51181
51182
51186
51192
51193
51194
51196
51199
51200
51201
51203
51204
51205
51208
51214
51218
51225
51226
51227
51228
51230
51232
51236
51237
51244
51247
51251
51255
51256
51257
51259
51268
51270
51271
51274
51277
51278
51279
51280
51283
51284
51286
51289
51290
51292
51293
51297
51299
51300
51302
51304
51305
51307
51308
51311
51312
51313
51314
51316
51317
51319
51320
51322
51330
51332
51333
51335
51337
51338
51339
51340
51341
51343
51347
51348
51351
51360
51361
51363
51366
51367
51371
51374
51375
51377
51378
51379
51384
51388
51390
51393
51399
51406
51409
51421
51426
51428
51429
51430
51433
51435
51441
51444
51447
51449
51455
51458
51460
51465
51466
51473
51474
51477
51478
51491
51493
51495
51497
51499
51503
51506
51512
51513
51514
51517
51520
51523
51524
51529
51531
51533
51534
51537
51540
51542
51547
51548
51550
51552
51555
51557
51559
51560
51561
51564
51569
51571
51573
51582
51585
51586
51588
51592
51593
51594
51599
51603
51604
51605
51606
51614
51617
51621
51626
51631
51637
51643
51645
51649
51650
51651
51652
51655
51659
51660
51661
51663
51665
51666
51667
51668
51673
51676
51678
51684
51692
51693
51696
51699
51701
51702
51703
51704
51705
51710
51714
51715
51719
51725
51727
51728
51734
51735
51742
51744
51747
51750
51752
51754
51755
51760
51761
51763
51765
51773
51776
51778
51780
51804
51806
51807
51809
51816
53335
53340
53345
53349
53353
53354
53358
53371
53373
53615
53616
53635
53820
53826
53827
53829
53832
53833
53834
53836
53841
53916
53938
53947
53981
54014
54020
54093
54097
54101
54107
54148
54149
54165
54187
54205
54206
54207
54209
54210
54212
54221
54329
54331
54332
54344
54345
54346
54360
54361
54386
54407
54413
54414
54431
54432
54434
54440
54443
54453
54454
54455
54456
54458
54463
54464
54467
54469
54471
54472
54475
54476
54477
54487
54490
54491
54496
54498
54499
54502
54509
54514
54520
54531
54532
54535
54537
54538
54539
54540
54541
54546
54549
54551
54552
54556
54566
54567
54583
54584
54585
54587
54596
54606
54617
54619
54620
54622
54623
54626
54629
54663
54664
54675
54676
54677
54700
54704
54708
54715
54716
54726
54732
54733
54737
54739
54741
54742
54751
54756
54758
54764
54765
54776
54778
54788
54790
54793
54795
54796
54797
54798
54799
54800
54802
54805
54806
54808
54809
54810
54812
54814
54815
54820
54821
54822
54823
54825
54826
54828
54829
54832
54834
54838
54840
54841
54845
54847
54849
54851
54852
54855
54858
54859
54861
54862
54870
54872
54873
54877
54878
54879
54880
54881
54882
54884
54885
54887
54888
54890
54892
54893
54894
54896
54897
54898
54899
54901
54902
54904
54905
54910
54913
54914
54915
54918
54919
54920
54922
54928
54931
54933
54935
54936
54938
54940
54941
54947
54949
54953
54954
54957
54958
54959
54962
54964
54965
54967
54968
54970
54971
54972
54973
54974
54980
54981
54982
54984
54994
54996
55000
55001
55004
55005
55007
55013
55014
55016
55018
55023
55024
55027
55033
55034
55035
55038
55051
55054
55064
55065
55068
55070
55074
55075
55076
55083
55084
55089
55090
55094
55100
55102
55105
55106
55107
55109
55112
55114
55117
55119
55120
55122
55124
55127
55128
55131
55135
55139
55140
55143
55144
55145
55147
55148
55149
55151
55154
55157
55159
55160
55163
55164
55165
55167
55170
55172
55174
55177
55180
55181
55183
55186
55187
55188
55191
55193
55196
55197
55201
55203
55204
55205
55206
55207
55209
55210
55211
55212
55213
55214
55215
55217
55225
55226
55227
55230
55233
55238
55239
55240
55243
55244
55245
55246
55247
55248
55249
55250
55252
55255
55256
55257
55269
55270
55272
55273
55274
55275
55277
55278
55279
55280
55286
55287
55288
55291
55294
55296
55297
55298
55300
55303
55304
55308
55311
55312
55315
55321
55323
55324
55325
55328
55329
55330
55331
55332
55333
55334
55341
55342
55343
55349
55350
55353
55355
55356
55357
55359
55361
55362
55363
55364
55366
55367
55379
55384
55388
55422
55423
55432
55435
55450
55454
55466
55486
55500
55501
55502
55503
55505
55506
55508
55509
55512
55515
55521
55526
55527
55529
55532
55534
55536
55540
55544
55552
55553
55556
55558
55568
55572
55577
55578
55584
55585
55586
55588
55589
55591
55593
55596
55599
55601
55602
55603
55604
55605
55607
55610
55611
55612
55614
55615
55616
55619
55623
55624
55625
55626
55627
55635
55636
55638
55640
55643
55650
55651
55654
55655
55658
55660
55661
55662
55665
55666
55669
55670
55672
55676
55679
55684
55686
55687
55689
55690
55691
55692
55693
55695
55697
55699
55701
55703
55704
55705
55706
55707
55709
55711
55714
55715
55717
55718
55721
55722
55723
55726
55727
55729
55733
55734
55735
55737
55738
55739
55740
55741
55742
55743
55744
55745
55746
55748
55749
55750
55751
55752
55753
55754
55755
55757
55758
55759
55760
55764
55765
55768
55770
55771
55775
55777
55781
55783
55784
55785
55786
55788
55789
55790
55791
55799
55800
55802
55805
55808
55809
55810
55814
55818
55823
55824
55827
55829
55831
55832
55833
55835
55840
55841
55843
55844
55847
55850
55851
55856
55858
55859
55860
55862
55863
55869
55870
55872
55876
55879
55884
55885
55888
55890
55892
55893
55898
55902
55904
55906
55907
55909
55914
55920
55922
55924
55929
55930
55937
55958
55959
55964
55966
55967
55968
55970
55971
55973
55974
55975
56005
56033
56034
56052
56128
56144
56147
56154
56160
56165
56172
56241
56242
56243
56245
56252
56253
56254
56257
56259
56261
56262
56267
56269
56271
56287
56288
56339
56341
56342
56413
56474
56475
56477
56478
56479
56521
56603
56605
56606
56616
56623
56624
56647
56648
56649
56650
56651
56652
56654
56655
56658
56659
56667
56670
56672
56681
56683
56704
56731
56751
56776
56829
56832
56848
56849
56851
56852
56853
56886
56888
56889
56892
56893
56896
56898
56901
56902
56904
56907
56910
56913
56914
56915
56916
56919
56920
56924
56929
56934
56937
56938
56940
56941
56942
56944
56946
56947
56949
56950
56955
56956
56957
56963
56965
56970
56971
56980
56981
56984
56986
56987
56990
56992
56994
56997
56998
56999
57001
57003
57007
57010
57016
57017
57018
57019
57020
57026
57030
57038
57045
57048
57050
57057
57082
57084
57085
57088
57091
57092
57096
57099
57101
57102
57103
57104
57105
57107
57111
57113
57116
57118
57120
57122
57124
57125
57126
57128
57132
57134
57136
57142
57143
57144
57146
57148
57154
57158
57161
57162
57165
57167
57169
57175
57178
57180
57181
57182
57185
57186
57187
57189
57190
57191
57194
57205
57209
57211
57212
57213
57214
57216
57217
57221
57222
57223
57226
57228
57282
57325
57326
57332
57337
57338
57348
57369
57379
57380
57381
57402
57403
57404
57410
57412
57414
57418
57419
57446
57447
57448
57449
57455
57459
57460
57462
57463
57464
57465
57468
57470
57471
57472
57473
57476
57477
57479
57480
57482
57484
57486
57488
57489
57491
57492
57493
57496
57498
57502
57504
57505
57506
57507
57508
57509
57510
57511
57512
57514
57515
57520
57521
57522
57524
57526
57528
57531
57532
57534
57535
57537
57538
57539
57541
57542
57544
57545
57546
57551
57552
57555
57556
57558
57561
57568
57570
57572
57573
57575
57576
57580
57584
57585
57586
57591
57592
57597
57599
57600
57602
57604
57605
57606
57608
57610
57616
57617
57619
57620
57623
57626
57630
57633
57634
57646
57647
57648
57650
57655
57657
57659
57661
57666
57669
57670
57673
57674
57678
57679
57680
57685
57687
57688
57690
57695
57697
57699
57700
57703
57704
57705
57706
57707
57708
57709
57713
57715
57716
57720
57721
57722
57724
57727
57728
57730
57761
57786
57787
57794
57798
57799
57801
57804
57805
57818
57819
57822
57826
57827
57834
57862
57863
58155
58158
58190
58191
58473
58476
58477
58478
58480
58484
58485
58487
58488
58489
58490
58491
58492
58494
58496
58499
58500
58504
58506
58508
58512
58513
58517
58524
58526
58530
58533
58985
58986
59084
59269
59272
59274
59277
59283
59285
59286
59307
59335
59336
59338
59339
59340
59341
59343
59345
59348
59349
59351
59352
60312
60314
60343
60370
60386
60401
60412
60436
60468
60481
60482
60484
60485
60487
60491
60493
60494
60506
60509
60526
60528
60558
60561
60626
60674
60675
60678
60680
60681
60682
60684
63027
63035
63826
63827
63876
63891
63892
63893
63894
63897
63898
63901
63906
63908
63915
63916
63922
63924
63926
63929
63932
63934
63943
63967
63970
63971
63976
63977
63979
63982
64061
64063
64065
64067
64077
64081
64083
64084
64087
64091
64092
64093
64094
64098
64101
64105
64106
64110
64111
64112
64114
64115
64116
64121
64122
64123
64127
64130
64132
64135
64137
64145
64146
64151
64167
64175
64207
64210
64211
64215
64216
64222
64223
64225
64236
64240
64241
64282
64283
64284
64319
64320
64321
64324
64326
64328
64332
64343
64344
64359
64374
64375
64376
64377
64386
64388
64393
64395
64397
64398
64399
64400
64405
64409
64412
64419
64420
64421
64422
64423
64425
64426
64429
64478
64506
64518
64577
64579
64581
64582
64598
64599
64682
64699
64710
64743
64744
64745
64746
64750
64753
64755
64756
64759
64761
64762
64764
64769
64770
64771
64778
64779
64780
64781
64784
64785
64788
64789
64794
64795
64798
64800
64802
64806
64834
64840
64841
64844
64847
64848
64852
64853
64854
64855
64857
64858
64859
64863
64864
64866
64895
64902
64919
64921
64928
64943
64946
64963
64968
64975
64976
64979
65003
65009
65018
65055
65059
65061
65062
65065
65078
65080
65082
65084
65108
65109
65110
65117
65123
65125
65243
65250
65258
65264
65266
65267
65268
65975
65979
65980
65981
65982
65983
65985
65986
65991
65992
65997
65998
66000
66004
66035
66036
78986
78987
78990
78992
78994
78996
78999
79000
79001
79004
79006
79007
79017
79018
79019
79023
79026
79035
79037
79039
79047
79048
79053
79054
79058
79065
79068
79070
79071
79073
79074
79075
79080
79084
79085
79087
79092
79094
79109
79135
79137
79139
79142
79143
79147
79154
79155
79156
79158
79172
79174
79180
79183
79184
79188
79258
79364
79365
79366
79368
79370
79400
79412
79441
79442
79443
79444
79447
79465
79571
79572
79576
79577
79581
79582
79583
79585
79586
79587
79589
79590
79591
79594
79598
79600
79602
79603
79605
79611
79612
79618
79621
79622
79623
79625
79626
79628
79631
79633
79641
79644
79646
79648
79650
79651
79654
79656
79658
79659
79660
79661
79663
79665
79670
79671
79672
79673
79679
79680
79682
79683
79685
79689
79690
79692
79693
79694
79695
79696
79698
79699
79707
79709
79710
79712
79714
79717
79718
79719
79720
79723
79725
79727
79728
79730
79731
79733
79734
79738
79744
79746
79747
79750
79751
79753
79760
79770
79772
79774
79776
79780
79782
79783
79784
79785
79789
79791
79794
79796
79797
79800
79801
79803
79805
79807
79809
79811
79813
79814
79817
79822
79823
79828
79829
79831
79833
79834
79837
79841
79847
79848
79850
79865
79866
79867
79868
79871
79872
79873
79874
79875
79876
79879
79882
79884
79885
79886
79888
79890
79899
79901
79902
79905
79912
79913
79915
79923
79924
79931
79932
79933
79934
79935
79937
79944
79947
79949
79953
79960
79961
79966
79968
79969
79971
79974
79977
79980
79983
79987
79991
79993
80003
80004
80005
80007
80010
80012
80013
80014
80018
80023
80025
80028
80031
80036
80055
80059
80067
80070
80095
80110
80114
80119
80124
80127
80129
80131
80139
80142
80145
80146
80149
80150
80152
80153
80155
80169
80173
80176
80177
80179
80183
80194
80196
80198
80199
80204
80205
80206
80207
80208
80209
80212
80217
80218
80219
80222
80223
80224
80228
80231
80232
80233
80243
80254
80255
80258
80263
80264
80267
80270
80271
80273
80274
80279
80303
80305
80308
80310
80311
80312
80314
80315
80317
80319
80321
80323
80324
80326
80328
80331
80332
80335
80339
80342
80344
80347
80350
80351
80352
80381
80700
80704
80705
80709
80712
80723
80724
80725
80727
80736
80737
80739
80742
80746
80760
80762
80764
80774
80777
80781
80790
80816
80818
80820
80824
80829
80830
80832
80853
80854
80856
80862
80895
80975
81027
81029
81031
81033
81034
81035
81037
81285
81488
81494
81501
81502
81533
81537
81539
81542
81544
81550
81551
81552
81557
81559
81562
81563
81565
81567
81569
81570
81572
81575
81577
81578
81579
81603
81605
81606
81607
81608
81609
81610
81611
81614
81615
81617
81618
81619
81620
81621
81622
81623
81624
81628
81631
81669
81671
81689
81706
81788
81792
81793
81796
81831
81832
81839
81844
81846
81847
81848
81849
81857
81876
81887
81890
81892
81894
81928
81929
81930
81931
83259
83394
83417
83439
83442
83444
83447
83452
83460
83461
83463
83475
83482
83539
83540
83544
83546
83548
83549
83552
83590
83593
83595
83596
83604
83606
83636
83638
83639
83640
83641
83656
83657
83659
83660
83666
83667
83692
83693
83694
83696
83698
83716
83719
83729
83734
83737
83742
83743
83744
83746
83795
83852
83853
83855
83856
83857
83858
83860
83861
83871
83872
83873
83876
83878
83879
83881
83882
83890
83891
83892
83903
83931
83932
83933
83937
83939
83943
83956
83983
83985
83987
83988
83989
83990
83998
83999
84000
84002
84033
84034
84056
84058
84059
84061
84066
84068
84071
84076
84078
84079
84100
84101
84102
84105
84107
84109
84131
84132
84133
84138
84142
84146
84159
84162
84164
84166
84168
84171
84172
84174
84181
84182
84186
84187
84188
84191
84193
84196
84197
84216
84221
84224
84226
84231
84232
84236
84239
84243
84245
84251
84255
84256
84259
84260
84263
84268
84269
84271
84273
84276
84280
84282
84283
84284
84285
84286
84287
84288
84289
84293
84295
84296
84299
84303
84309
84312
84314
84317
84318
84328
84333
84334
84335
84337
84340
84342
84343
84364
84365
84376
84418
84419
84433
84439
84440
84441
84444
84445
84446
84447
84450
84451
84458
84460
84461
84464
84467
84498
84504
84515
84516
84517
84522
84525
84527
84530
84532
84539
84542
84547
84548
84549
84552
84557
84560
84561
84572
84617
84618
84620
84624
84627
84628
84632
84639
84640
84649
84650
84651
84654
84656
84658
84660
84662
84665
84667
84668
84674
84676
84678
84679
84684
84687
84698
84705
84706
84707
84717
84720
84722
84725
84733
84735
84749
84759
84790
84795
84798
84817
84818
84823
84824
84833
84844
84858
84861
84864
84866
84868
84869
84870
84872
84873
84875
84876
84879
84888
84890
84892
84893
84894
84896
84897
84898
84904
84905
84908
84909
84911
84912
84913
84916
84918
84919
84920
84925
84928
84930
84936
84937
84938
84939
84941
84942
84947
84951
84952
84955
84957
84958
84959
84961
84962
84966
84969
84971
84976
84978
84981
84984
84987
84991
84993
85004
85015
85016
85019
85021
85235
85236
85300
85313
85320
85358
85359
85363
85365
85378
85397
85403
85406
85407
85409
85413
85414
85415
85416
85439
85440
85441
85443
85444
85446
85450
85458
85460
85461
85462
85463
85464
85465
85477
85478
85480
85569
87178
89122
89780
89781
89782
89790
89795
89796
89797
89801
89832
89845
89849
89853
89857
89858
89866
89874
89876
89884
89891
89910
89932
89941
89953
90007
90070
90102
90121
90139
90141
90161
90187
90268
90273
90313
90316
90324
90326
90338
90353
90355
90362
90378
90379
90381
90390
90407
90411
90417
90423
90427
90459
90480
90527
90550
90624
90627
90678
90701
90780
90853
90861
90865
90933
90952
91010
91012
91039
91056
91057
91074
91120
91133
91137
91147
91252
91404
91442
91445
91452
91461
91464
91522
91526
91543
91544
91574
91584
91607
91608
91612
91614
91653
91662
91663
91689
91746
91749
91754
91768
91807
91833
91851
91869
91937
91947
91975
91977
92002
92017
92105
92106
92140
92154
92162
92170
92211
92241
92293
92304
92305
92344
92345
92359
92370
92521
92579
92591
92597
92609
92667
92675
92689
92703
92714
92745
92799
92822
92912
92949
92979
93034
93035
93082
93099
93129
93166
93183
93185
93210
93323
93377
93426
93492
93550
93589
93611
93627
93649
93650
93663
93664
93974
93986
94005
94015
94031
94081
94097
94101
94103
94120
94121
94134
94137
94234
94235
94239
94240
94241
94274
95681
96459
96764
103910
112398
112399
112464
112476
112483
112574
112597
112609
112724
112755
112802
112817
112858
112885
112939
113115
113130
113146
113189
113235
113246
113251
113263
113277
113278
113451
113452
113540
113612
113730
113828
113829
113878
114034
114038
114044
114049
114088
114134
114294
114327
114548
114569
114609
114757
114781
114784
114785
114789
114790
114791
114793
114794
114795
114798
114799
114801
114803
114805
114815
114821
114822
114826
114876
114879
114882
114883
114884
114885
114897
114899
114904
114907
114990
114991
115004
115019
115024
115111
115123
115201
115207
115209
115273
115286
115290
115330
115361
115426
115509
115557
115572
115650
115701
115703
115708
115752
115761
115825
115908
115948
116028
116071
116085
116092
116113
116150
116159
116179
116228
116236
116255
116285
116362
116372
116441
116442
116443
116447
116449
116461
116496
116519
116535
116832
116835
116840
116841
116842
116843
116844
116931
116966
116984
116985
116987
116988
117145
117159
117177
117178
117195
117246
117247
117283
117289
117583
117584
117854
118426
118427
118429
118460
118471
118490
118491
118788
118812
118813
118881
118932
119032
119391
119395
119559
119587
119710
120071
120114
120224
120400
120425
120526
120892
121214
121227
121260
121268
121340
121391
121457
121504
121512
121536
121599
121601
121643
121665
122416
122481
122525
122553
122618
122622
122769
122773
122786
122809
122830
122953
122961
123016
123096
123263
123606
123745
123803
123811
123879
123920
124056
124220
124222
124454
124460
124491
124512
124535
124540
124583
124590
124599
124626
124641
124912
124925
124930
124935
124936
124944
124961
124976
124989
124997
125050
125058
125113
125206
125476
125893
125919
125950
126014
126017
126129
126133
126259
126282
126321
126328
126374
126382
126393
126410
126549
126637
126638
126917
126961
127018
127262
127343
127428
127435
127534
127544
127700
127707
127795
127833
127933
128178
128209
128240
128272
128338
128344
128553
128602
128611
128637
128674
128710
128866
128869
128989
129285
129446
129607
129684
129685
129787
129804
129880
130026
130074
130271
130340
130367
130399
130497
130507
130540
130574
130589
130617
130733
130749
130827
130872
130916
131034
131096
131118
131177
131405
131450
131474
131544
131566
131578
131583
131873
131890
132158
132200
132299
132625
132660
132671
132724
132789
132864
132884
133396
133418
133522
133584
133686
133746
134111
134145
134218
134265
134359
134391
134430
134526
134637
134701
134728
134829
134957
135112
135114
135138
135152
135228
135250
135398
135656
135892
135935
136259
136319
136647
136991
137075
137392
137492
137682
137735
137886
137964
137970
137994
138050
138065
138151
138428
138429
139081
139212
139285
139324
139411
139628
139716
139818
140453
140468
140469
140564
140576
140596
140609
140625
140628
140679
140685
140689
140690
140691
140699
140707
140733
140735
140766
140775
140803
140809
140823
140838
140876
140883
140885
140901
140902
142678
143098
143187
143244
143279
143282
143384
143425
143458
143570
143662
143686
143689
143872
143903
143941
144100
144108
144165
144195
144245
144348
144402
144404
144406
144453
144455
144501
144568
144577
144699
144715
144717
144811
145264
145270
145282
145389
145407
145482
145501
145508
145741
145873
145957
146059
146198
146223
146395
146433
146542
146664
146691
146771
146852
146862
146909
146923
146956
147007
147011
147040
147138
147179
147339
147372
147381
147495
147657
147719
147841
147906
147912
147929
147948
147949
148022
148113
148229
148252
148423
148479
148534
148641
148738
148753
148789
148808
148867
148932
149041
149111
149233
149420
149461
149563
149603
149628
149685
150094
150209
150223
150280
150365
150368
150372
150465
150468
150483
150572
150684
150726
150946
150962
151011
151126
151176
151188
151230
151242
151295
151306
151354
151449
151531
151556
151636
151648
151742
151827
151887
151888
151963
152002
152006
152007
152015
152100
152189
152330
152404
152485
152518
152519
152559
152789
152816
152831
152926
153020
153090
153129
153222
153241
153339
153443
153478
153562
153572
153579
153830
154043
154091
154141
154214
154215
154288
154661
154664
154796
154807
154810
154881
155038
155061
155185
155370
155465
157310
157313
157506
157570
157638
157657
157680
157724
157753
157807
157848
158038
158135
158158
158219
158326
158358
158401
158471
158506
158511
158584
158747
158763
158835
158866
158880
159119
159296
159371
159963
160140
160335
160364
160418
160428
160518
160622
160728
160760
160851
160857
160897
161003
161145
161198
161291
161357
161436
161725
161742
161882
162239
162394
162417
162427
162540
162681
162979
163486
163688
163702
163732
163782
163786
164045
164091
164395
164656
164684
165186
165215
165324
165904
165918
166336
166378
166379
166614
166793
166824
166863
166929
166968
167153
167410
167465
167691
167826
168002
168374
168391
168400
168451
168537
168620
168667
169044
169200
169611
169714
169792
169841
169966
169981
170302
170384
170589
170622
170679
170680
170689
170690
170691
170692
170954
171017
171023
171024
171177
171389
171425
192111
192134
192286
192669
192683
196264
196500
196527
196528
196743
197021
197131
197258
197320
197322
197358
199221
199692
199699
199713
199857
199953
199990
200081
200150
200186
200205
200315
200316
200424
200539
200558
200575
200576
200728
200734
200845
200879
200894
200895
200916
200933
200942
200958
201134
201161
201163
201176
201191
201266
201292
201294
201299
201475
201501
201595
201626
201633
201973
202018
202333
202500
202559
203062
203068
203100
203102
203190
203228
203238
203245
203286
203427
203447
203547
203859
204801
204851
205428
205564
205717
205860
206338
206358
219285
219333
219527
219539
219541
219699
219736
219771
219790
219793
219844
219899
219931
219956
219972
220001
220047
220064
220134
220164
220213
220963
220972
220988
221002
221035
221037
221044
221061
221074
221079
221120
221150
221178
221241
221294
221302
221391
221393
221395
221421
221458
221468
221472
221481
221496
221527
221613
221656
221662
221687
221711
221785
221833
221895
221927
221935
221937
221955
221960
221981
222171
222223
222229
222236
222256
222484
222487
222537
222546
222553
222584
222643
222663
222696
222698
222865
222962
223082
223117
245711
245806
245972
246126
246176
246213
246243
246269
246330
246778
252839
252884
252969
252983
252995
253017
253143
253260
253430
253461
253558
253559
253650
253782
253827
253832
253943
253959
254065
254102
254170
254251
254263
254359
254394
254428
254887
255027
255061
255082
255101
255231
255252
255324
255488
255520
255626
255738
255743
255928
256076
256130
256236
256356
256380
256471
256472
256646
256764
256987
257019
257068
257144
257160
257194
257202
257397
257629
257641
258010
259173
259215
259217
259230
259232
259249
259266
260425
261726
261729
266629
266722
266727
266740
266743
266812
280636
282763
282973
282991
282996
283130
283131
283149
283208
283212
283219
283237
283310
283316
283337
283349
283385
283446
283450
283455
283463
283487
283489
283518
283537
283571
283635
283742
283748
283869
283871
283927
283987
283989
284029
284058
284086
284098
284106
284110
284119
284207
284254
284266
284353
284361
284371
284382
284390
284403
284406
284424
284427
284434
284439
284443
284612
284613
284654
284695
284836
285025
285175
285193
285194
285203
285220
285237
285242
285343
285362
285381
285440
285521
285527
285590
285600
285704
285755
285761
285908
286046
286053
286077
286133
286204
286205
286257
286319
286343
286410
286499
286676
286749
286753
286826
286827
287015
317649
317671
317754
317761
317762
317781
326624
326625
333929
333932
337867
337876
338321
338322
338323
338324
338328
338339
338376
338382
338442
338557
338645
338699
338773
338872
339105
339122
339123
339201
339230
339263
339327
339344
339487
339559
339745
339804
339829
339855
339883
339896
339965
339967
339983
340024
340061
340075
340152
340273
340348
340351
340419
340485
340533
340547
340602
340706
340719
340990
341640
342035
342096
342125
342184
342926
342945
343035
343450
344148
344658
345193
345222
345275
345557
345651
345895
346007
346171
346288
346389
346606
346653
347240
347252
347273
347344
347733
347734
347735
347902
348093
348094
348110
348235
348654
348995
349075
349334
349633
352909
352954
352999
353131
353189
353219
353345
353355
353376
353497
359845
359948
373156
374291
374308
374354
374383
374393
374407
374569
374618
374654
374879
374897
374900
374907
374920
374946
374955
374977
375033
375056
375061
375298
375337
375449
375519
375612
375704
375748
375790
376132
376267
376497
377677
378708
378807
378825
378938
378949
387032
387119
387263
387267
387332
387496
387509
387521
387522
387695
387718
387733
387758
387837
387893
388121
388125
388228
388336
388389
388407
388531
388552
388585
388591
388650
388677
388697
388698
388939
388962
389015
389072
389084
389136
389161
389197
389206
389362
389400
389421
389434
389856
390594
390598
390927
391104
392255
392617
392636
392862
394263
399687
399694
399818
399823
399909
399948
399979
400736
400745
400916
400935
400954
400961
400966
401024
401145
401152
401190
401265
401474
401494
401498
401505
401563
402117
402665
404550
404672
404734
404785
406908
406935
406967
406970
407032
407042
407738
414062
414236
414918
415116
431705
439921
440026
440193
440275
440387
440400
440503
440730
440738
440836
441061
441151
441478
441549
441631
442213
442444
442721
442862
442867
442868
445347
445815
474344
474383
474384
493753
493829
493856
494115
494188
494470
494551
497258
503618
541468
542767
548596
552900
553158
554251
554279
554313
619279
619501
641339
641372
641455
642797
643136
643236
643911
644096
644150
644538
644914
645369
645996
646962
646982
648791
652995
653145
653361
653423
653509
653583
653604
653689
653857
654346
654364
692312
723790
727837
727897
728113
728118
728130
728239
728269
728294
728378
728458
728489
728492
728642
729230
729262
729359
729533
729857
729920
729967
729993
752014
767558
768213
768217
100037417
100049587
100113407
100124696
100124700
100126572
100129583
100129654
100130958
100131187
100132074
100133941
100137049
100144748
100190938
100272147
100287932
100289462
100293516
100302736
100303755
100499483
100505591
100506658
100507249
100507421
100507436
100507588
100526664
100526737
100526740
100526767
100526794
100526835
100526842
100529063
100529097
100529241
100532731
100532736
100532737
100533107
100631383
100820829
100996928
102800311
